Densities:   1.00000e+08  1.58489e+08  2.51188e+08  3.98108e+08  6.30958e+08  1.00000e+09
Ion    Wavelength    lvl1    lvl2    logT    Emiss_ratio
C IV        419.71  3  4  5.05   1.00e+00  1.00e+00  1.00e+00  1.00e+00  1.00e+00  1.00e+00
C IV        312.42  1  6  5.05   7.16e-01  7.16e-01  7.16e-01  7.16e-01  7.16e-01  7.16e-01
C IV        312.45  1  5  5.05   3.58e-01  3.58e-01  3.58e-01  3.58e-01  3.58e-01  3.58e-01
C IV        384.03  2  7  5.05   5.40e-01  5.40e-01  5.40e-01  5.40e-01  5.40e-01  5.40e-01
C IV        384.17  3  8  5.05   9.72e-01  9.72e-01  9.72e-01  9.72e-01  9.72e-01  9.72e-01
C IV        384.19  3  7  5.05   1.08e-01  1.08e-01  1.08e-01  1.08e-01  1.08e-01  1.08e-01
C IV        419.52  2  4  5.05   5.02e-01  5.02e-01  5.02e-01  5.02e-01  5.02e-01  5.02e-01
Ca X        557.77  1  3  5.90   1.00e+00  1.00e+00  1.00e+00  1.00e+00  1.00e+00  1.00e+00
Ca X        574.01  1  2  5.90   4.91e-01  4.91e-01  4.91e-01  4.91e-01  4.91e-01  4.91e-01
Fe X        174.53  1 30  6.00   1.00e+00  1.00e+00  1.00e+00  1.00e+00  1.00e+00  1.00e+00
Fe X        175.26  2 31  6.00   4.40e-02  4.98e-02  5.88e-02  7.24e-02  9.23e-02  1.20e-01
Fe X        177.24  1 28  6.00   5.66e-01  5.66e-01  5.66e-01  5.67e-01  5.67e-01  5.68e-01
Fe X        184.54  1 27  6.00   2.09e-01  2.10e-01  2.11e-01  2.13e-01  2.15e-01  2.19e-01
Fe X        257.26  1  5  6.00   1.79e-01  1.72e-01  1.62e-01  1.49e-01  1.32e-01  1.12e-01
Fe XI       180.40  1 42  6.10   1.00e+00  1.00e+00  1.00e+00  1.00e+00  1.00e+00  1.00e+00
Fe XI       182.17  2 43  6.10   1.23e-01  1.28e-01  1.36e-01  1.47e-01  1.63e-01  1.84e-01
Fe XI       188.22  1 38  6.10   4.76e-01  4.77e-01  4.79e-01  4.82e-01  4.86e-01  4.92e-01
Fe XI       188.30  1 37  6.10   2.93e-01  2.93e-01  2.93e-01  2.94e-01  2.95e-01  2.96e-01
Fe XI       192.81  2 38  6.10   9.94e-02  9.97e-02  1.00e-01  1.01e-01  1.02e-01  1.03e-01
Fe XI       352.67  1  6  6.10   1.24e-01  1.25e-01  1.26e-01  1.27e-01  1.29e-01  1.32e-01
Fe XII      195.12  1 27  6.15   1.00e+00  1.00e+00  1.00e+00  1.00e+00  1.00e+00  1.00e+00
Fe XII      186.89  3 39  6.15   9.09e-02  1.22e-01  1.59e-01  2.00e-01  2.41e-01  2.84e-01
Fe XII      192.39  1 30  6.15   3.18e-01  3.18e-01  3.18e-01  3.18e-01  3.18e-01  3.18e-01
Fe XII      193.51  1 29  6.15   6.76e-01  6.76e-01  6.75e-01  6.75e-01  6.75e-01  6.74e-01
Fe XII      352.11  1  7  6.15   1.21e-01  1.22e-01  1.22e-01  1.23e-01  1.24e-01  1.26e-01
Fe XII      364.47  1  6  6.15   2.05e-01  2.06e-01  2.08e-01  2.10e-01  2.13e-01  2.15e-01
Fe XIII     202.04  1 20  6.25   1.00e+00  1.00e+00  1.00e+00  1.00e+00  1.00e+00  1.00e+00
Fe XIII     200.02  2 24  6.25   3.01e-02  4.49e-02  6.81e-02  1.04e-01  1.57e-01  2.32e-01
Fe XIII     201.13  2 23  6.25   1.91e-01  2.06e-01  2.29e-01  2.63e-01  3.12e-01  3.78e-01
Fe XIII     203.16  2 22  6.25   1.60e-02  2.41e-02  3.64e-02  5.47e-02  8.05e-02  1.15e-01
Fe XIII     203.79  3 24  6.25   3.94e-02  5.88e-02  8.92e-02  1.36e-01  2.06e-01  3.04e-01
Fe XIII     203.83  3 25  6.25   8.61e-02  1.30e-01  2.01e-01  3.15e-01  4.94e-01  7.57e-01
Fe XIII     204.94  3 23  6.25   5.56e-02  6.00e-02  6.66e-02  7.65e-02  9.07e-02  1.10e-01
Fe XIII     209.62  2 19  6.25   2.19e-02  3.15e-02  4.65e-02  6.96e-02  1.04e-01  1.53e-01
Fe XIII     209.92  3 20  6.25   1.73e-01  1.73e-01  1.73e-01  1.73e-01  1.73e-01  1.73e-01
Fe XIII     213.77  3 19  6.25   2.15e-02  3.09e-02  4.56e-02  6.83e-02  1.02e-01  1.50e-01
Fe XIII     221.83  4 21  6.25   2.55e-02  3.67e-02  5.39e-02  8.00e-02  1.18e-01  1.73e-01
Fe XIII     228.16  4 19  6.25   1.76e-02  2.53e-02  3.73e-02  5.59e-02  8.35e-02  1.22e-01
Fe XIII     239.03  3 16  6.25   4.28e-02  4.75e-02  5.48e-02  6.61e-02  8.33e-02  1.08e-01
Fe XIII     240.70  1 14  6.25   4.52e-02  4.92e-02  5.55e-02  6.53e-02  8.01e-02  1.01e-01
Fe XIII     246.21  2 14  6.25   1.10e-01  1.20e-01  1.35e-01  1.59e-01  1.95e-01  2.45e-01
Fe XIII     251.95  3 14  6.25   2.06e-01  2.25e-01  2.54e-01  2.98e-01  3.66e-01  4.61e-01
Fe XIII     320.80  3 12  6.25   3.11e-02  4.02e-02  5.47e-02  7.76e-02  1.13e-01  1.63e-01
Fe XIII     348.18  1  7  6.25   1.72e-01  1.74e-01  1.77e-01  1.82e-01  1.88e-01  1.98e-01
Fe XIII     359.64  2  8  6.25   6.25e-02  7.32e-02  8.96e-02  1.14e-01  1.50e-01  1.98e-01
Fe XIII     368.16  3  9  6.25   4.69e-02  5.68e-02  7.28e-02  9.82e-02  1.37e-01  1.95e-01
Fe XIV      211.32  1 11  6.30   1.00e+00  1.00e+00  1.00e+00  1.00e+00  1.00e+00  1.00e+00
Fe XIV      219.13  2 12  6.30   8.12e-02  9.22e-02  1.09e-01  1.36e-01  1.76e-01  2.35e-01
Fe XIV      220.08  2 11  6.30   2.13e-01  2.13e-01  2.13e-01  2.13e-01  2.13e-01  2.13e-01
Fe XIV      252.20  1 10  6.30   8.54e-02  8.73e-02  9.02e-02  9.46e-02  1.01e-01  1.11e-01
Fe XIV      257.39  1  9  6.30   1.71e-01  1.72e-01  1.74e-01  1.77e-01  1.81e-01  1.88e-01
Fe XIV      264.79  2 10  6.30   3.54e-01  3.62e-01  3.74e-01  3.92e-01  4.20e-01  4.62e-01
Fe XIV      270.52  2  9  6.30   2.39e-01  2.41e-01  2.43e-01  2.47e-01  2.54e-01  2.63e-01
Fe XIV      274.20  1  8  6.30   5.47e-01  5.47e-01  5.46e-01  5.45e-01  5.44e-01  5.42e-01
Fe XIV      334.18  1  6  6.30   3.87e-01  3.87e-01  3.87e-01  3.87e-01  3.87e-01  3.87e-01
Fe XIV      353.84  2  7  6.30   8.65e-02  8.98e-02  9.50e-02  1.03e-01  1.15e-01  1.33e-01
Fe XVI      335.41  1  3  6.45   1.00e+00  1.00e+00  1.00e+00  1.00e+00  1.00e+00  1.00e+00
Fe XVI      360.76  1  2  6.45   4.73e-01  4.73e-01  4.73e-01  4.73e-01  4.73e-01  4.73e-01
Fe IX       171.07  1 13  5.90   1.00e+00  1.00e+00  1.00e+00  1.00e+00  1.00e+00  1.00e+00
Fe IX       241.74  1  4  5.90   1.55e-01  1.53e-01  1.50e-01  1.46e-01  1.41e-01  1.32e-01
Mg VI       403.31  1  6  5.65   1.00e+00  1.00e+00  1.00e+00  1.00e+00  1.00e+00  1.00e+00
Mg VI       268.99  2 13  5.65   1.47e-01  1.61e-01  1.75e-01  1.89e-01  2.05e-01  2.24e-01
Mg VI       270.39  3 12  5.65   2.64e-01  2.82e-01  3.01e-01  3.23e-01  3.51e-01  3.87e-01
Mg VI       349.12  2 10  5.65   2.00e-01  2.20e-01  2.38e-01  2.56e-01  2.77e-01  3.02e-01
Mg VI       349.16  3  9  5.65   2.88e-01  3.08e-01  3.28e-01  3.52e-01  3.80e-01  4.17e-01
Mg VI       399.28  1  8  5.65   3.40e-01  3.40e-01  3.40e-01  3.40e-01  3.40e-01  3.40e-01
Mg VI       400.66  1  7  5.65   6.80e-01  6.80e-01  6.80e-01  6.80e-01  6.80e-01  6.80e-01
Mg VII      434.92  3  9  5.80   1.00e+00  1.00e+00  1.00e+00  1.00e+00  1.00e+00  1.00e+00
Mg VII      276.15  1 14  5.80   1.78e-01  1.74e-01  1.72e-01  1.70e-01  1.69e-01  1.68e-01
Mg VII      277.00  2 14  5.80   5.33e-01  5.22e-01  5.15e-01  5.11e-01  5.07e-01  5.04e-01
Mg VII      278.40  3 14  5.80   8.93e-01  8.76e-01  8.64e-01  8.56e-01  8.49e-01  8.44e-01
Mg VII      280.74  4 15  5.80   6.62e-02  8.32e-02  1.08e-01  1.43e-01  1.88e-01  2.43e-01
Mg VII      319.03  4 13  5.80   1.63e-01  2.02e-01  2.58e-01  3.35e-01  4.33e-01  5.49e-01
Mg VII      363.77  1 11  5.80   2.20e-01  2.14e-01  2.11e-01  2.09e-01  2.08e-01  2.08e-01
Mg VII      365.18  2 10  5.80   2.42e-01  2.32e-01  2.26e-01  2.23e-01  2.21e-01  2.20e-01
Mg VII      365.23  2 12  5.80   2.49e-01  2.47e-01  2.45e-01  2.44e-01  2.43e-01  2.42e-01
Mg VII      365.24  2 11  5.80   1.89e-01  1.84e-01  1.81e-01  1.79e-01  1.79e-01  1.78e-01
Mg VII      367.68  3 12  5.80   8.52e-01  8.44e-01  8.38e-01  8.34e-01  8.31e-01  8.29e-01
Mg VII      367.69  3 11  5.80   2.64e-01  2.57e-01  2.53e-01  2.51e-01  2.50e-01  2.49e-01
Mg VII      429.14  1  8  5.80   2.72e-01  2.61e-01  2.55e-01  2.53e-01  2.52e-01  2.52e-01
Mg VII      431.19  2  8  5.80   1.77e-01  1.70e-01  1.66e-01  1.64e-01  1.64e-01  1.64e-01
Mg VII      431.31  2  7  5.80   6.25e-01  6.06e-01  5.95e-01  5.89e-01  5.86e-01  5.86e-01
Mg VII      434.73  3  7  5.80   1.57e-01  1.52e-01  1.49e-01  1.48e-01  1.47e-01  1.47e-01
Mg VIII     315.02  2 10  5.90   1.00e+00  1.00e+00  1.00e+00  1.00e+00  1.00e+00  1.00e+00
Mg VIII     311.77  1 10  5.90   1.99e-01  1.99e-01  1.99e-01  1.99e-01  1.99e-01  1.99e-01
Mg VIII     313.74  1  9  5.90   4.76e-01  4.37e-01  4.11e-01  3.93e-01  3.82e-01  3.75e-01
Mg VIII     317.03  2  9  5.90   3.05e-01  2.80e-01  2.64e-01  2.52e-01  2.45e-01  2.40e-01
Mg VIII     335.23  1  8  5.90   2.16e-01  2.04e-01  1.97e-01  1.91e-01  1.88e-01  1.86e-01
Mg VIII     338.98  2  8  5.90   2.61e-01  2.47e-01  2.38e-01  2.32e-01  2.28e-01  2.25e-01
Mg VIII     430.45  1  6  5.90   5.34e-01  4.78e-01  4.40e-01  4.15e-01  3.99e-01  3.88e-01
Mg VIII     436.73  2  7  5.90   5.88e-01  6.07e-01  6.19e-01  6.27e-01  6.33e-01  6.36e-01
Ne III      489.49  1  6  4.95   1.00e+00  1.00e+00  1.00e+00  1.00e+00  1.00e+00  1.00e+00
Ne III      379.31  4 11  4.95   2.37e-01  2.53e-01  2.65e-01  2.74e-01  2.80e-01  2.84e-01
Ne III      488.09  1  7  4.95   3.29e-01  3.29e-01  3.28e-01  3.28e-01  3.28e-01  3.27e-01
Ne III      488.85  2  8  4.95   2.61e-01  2.60e-01  2.60e-01  2.60e-01  2.59e-01  2.59e-01
Ne III      489.63  2  7  4.95   1.94e-01  1.94e-01  1.94e-01  1.94e-01  1.94e-01  1.93e-01
Ne III      490.30  3  7  4.95   2.57e-01  2.57e-01  2.57e-01  2.57e-01  2.57e-01  2.56e-01
Ne III      491.04  2  6  4.95   3.29e-01  3.29e-01  3.29e-01  3.29e-01  3.29e-01  3.29e-01
Ne V        572.34  3  9  5.40   1.00e+00  1.00e+00  1.00e+00  1.00e+00  1.00e+00  1.00e+00
Ne V        357.95  1 14  5.40   1.15e-01  1.14e-01  1.13e-01  1.12e-01  1.11e-01  1.11e-01
Ne V        358.47  2 14  5.40   3.44e-01  3.41e-01  3.38e-01  3.36e-01  3.34e-01  3.33e-01
Ne V        359.37  3 14  5.40   5.73e-01  5.69e-01  5.65e-01  5.61e-01  5.58e-01  5.55e-01
Ne V        365.59  4 15  5.40   2.68e-01  3.14e-01  3.57e-01  3.94e-01  4.27e-01  4.52e-01
Ne V        416.21  4 13  5.40   6.40e-01  7.30e-01  8.05e-01  8.65e-01  9.09e-01  9.42e-01
Ne V        480.42  1 11  5.40   1.84e-01  1.84e-01  1.84e-01  1.84e-01  1.85e-01  1.84e-01
Ne V        481.29  2 10  5.40   1.91e-01  1.90e-01  1.90e-01  1.90e-01  1.89e-01  1.88e-01
Ne V        481.37  2 11  5.40   1.48e-01  1.48e-01  1.48e-01  1.48e-01  1.48e-01  1.48e-01
Ne V        481.37  2 12  5.40   2.27e-01  2.26e-01  2.26e-01  2.25e-01  2.25e-01  2.25e-01
Ne V        482.99  3 11  5.40   2.26e-01  2.26e-01  2.26e-01  2.26e-01  2.27e-01  2.27e-01
Ne V        482.99  3 12  5.40   7.25e-01  7.22e-01  7.21e-01  7.19e-01  7.18e-01  7.18e-01
Ne V        568.42  1  7  5.40   2.39e-01  2.41e-01  2.43e-01  2.43e-01  2.44e-01  2.44e-01
Ne V        569.76  2  7  5.40   1.67e-01  1.68e-01  1.69e-01  1.70e-01  1.70e-01  1.70e-01
Ne V        569.83  2  8  5.40   5.55e-01  5.56e-01  5.57e-01  5.56e-01  5.55e-01  5.54e-01
Ne V        572.10  3  8  5.40   1.61e-01  1.61e-01  1.61e-01  1.61e-01  1.61e-01  1.60e-01
S X         264.23  1  6  6.15   1.00e+00  1.00e+00  1.00e+00  1.00e+00  1.00e+00  1.00e+00
S X         180.73  3 12  6.15   8.78e-02  1.02e-01  1.16e-01  1.31e-01  1.44e-01  1.57e-01
S X         228.69  3 10  6.15   5.03e-02  6.48e-02  7.98e-02  9.45e-02  1.08e-01  1.22e-01
S X         257.15  1  8  6.15   3.58e-01  3.57e-01  3.57e-01  3.57e-01  3.57e-01  3.57e-01
S X         259.50  1  7  6.15   6.89e-01  6.88e-01  6.88e-01  6.88e-01  6.88e-01  6.88e-01
S XI        281.40  1  8  6.25   1.00e+00  1.00e+00  1.00e+00  1.00e+00  1.00e+00  1.00e+00
S XI        186.84  1 14  6.25   1.41e-01  1.53e-01  1.72e-01  1.99e-01  2.39e-01  2.92e-01
S XI        188.68  2 14  6.25   4.17e-01  4.53e-01  5.08e-01  5.91e-01  7.08e-01  8.66e-01
S XI        215.97  4 13  6.25   5.50e-02  6.06e-02  6.93e-02  8.28e-02  1.03e-01  1.34e-01
S XI        239.82  1 11  6.25   3.54e-01  3.62e-01  3.75e-01  3.94e-01  4.20e-01  4.55e-01
S XI        242.59  2 12  6.25   2.72e-02  3.88e-02  5.71e-02  8.55e-02  1.28e-01  1.87e-01
S XI        242.85  2 11  6.25   3.89e-01  3.97e-01  4.11e-01  4.32e-01  4.61e-01  4.99e-01
S XI        242.87  2 10  6.25   7.58e-02  1.10e-01  1.60e-01  2.29e-01  3.16e-01  4.17e-01
S XI        246.90  3 12  6.25   1.22e-01  1.74e-01  2.57e-01  3.84e-01  5.74e-01  8.41e-01
S XI        247.16  3 11  6.25   3.90e-01  3.99e-01  4.13e-01  4.34e-01  4.63e-01  5.02e-01
S XI        285.59  2  8  6.25   4.92e-01  4.92e-01  4.92e-01  4.92e-01  4.92e-01  4.92e-01
S XI        291.58  3  9  6.25   9.35e-02  1.31e-01  1.95e-01  3.00e-01  4.71e-01  7.29e-01
S XI        291.81  3  7  6.25   3.09e-02  4.30e-02  6.07e-02  8.51e-02  1.17e-01  1.55e-01
S XII       288.43  1  6  6.35   1.00e+00  1.00e+00  1.00e+00  1.00e+00  1.00e+00  1.00e+00
S XII       212.12  1 10  6.35   1.03e-01  1.05e-01  1.08e-01  1.13e-01  1.21e-01  1.33e-01
S XII       215.17  1  9  6.35   4.00e-01  4.02e-01  4.04e-01  4.08e-01  4.14e-01  4.23e-01
S XII       218.20  2 10  6.35   5.29e-01  5.40e-01  5.57e-01  5.83e-01  6.23e-01  6.84e-01
S XII       221.43  2  9  6.35   4.74e-01  4.75e-01  4.78e-01  4.83e-01  4.90e-01  5.01e-01
S XII       227.49  1  8  6.35   6.40e-01  6.41e-01  6.43e-01  6.45e-01  6.48e-01  6.53e-01
S XII       234.50  2  8  6.35   2.46e-01  2.46e-01  2.47e-01  2.47e-01  2.49e-01  2.51e-01
S XII       299.52  2  7  6.35   8.62e-02  9.36e-02  1.05e-01  1.23e-01  1.51e-01  1.92e-01
S XII       299.79  2  6  6.35   1.07e-01  1.07e-01  1.07e-01  1.07e-01  1.07e-01  1.07e-01
S IV        661.40  2 12  5.00   1.00e+00  1.00e+00  1.00e+00  1.00e+00  1.00e+00  1.00e+00
S IV        657.32  1 11  5.00   5.49e-01  5.49e-01  5.49e-01  5.49e-01  5.49e-01  5.49e-01
S IV        661.46  2 11  5.00   1.13e-01  1.13e-01  1.13e-01  1.13e-01  1.13e-01  1.13e-01
S IV        744.90  1 10  5.00   2.03e-01  2.03e-01  2.03e-01  2.03e-01  2.03e-01  2.03e-01
S IV        748.39  1  9  5.00   3.67e-01  3.67e-01  3.67e-01  3.67e-01  3.67e-01  3.67e-01
S IV        750.22  2 10  5.00   9.54e-01  9.54e-01  9.54e-01  9.54e-01  9.54e-01  9.54e-01
S IV        753.76  2  9  5.00   2.04e-01  2.04e-01  2.04e-01  2.04e-01  2.04e-01  2.04e-01
S IV        809.66  1  8  5.00   1.46e-01  1.46e-01  1.46e-01  1.46e-01  1.46e-01  1.46e-01
S IV        815.94  2  8  5.00   2.06e-01  2.06e-01  2.06e-01  2.06e-01  2.06e-01  2.06e-01
S IV       1062.66  1  6  5.00   5.29e-01  5.29e-01  5.28e-01  5.28e-01  5.28e-01  5.29e-01
S IV       1072.97  2  7  5.00   8.03e-01  8.02e-01  8.02e-01  8.01e-01  8.01e-01  8.01e-01
Si X        347.40  1  6  6.15   1.00e+00  1.00e+00  1.00e+00  1.00e+00  1.00e+00  1.00e+00
Si X        253.79  1 10  6.15   1.48e-01  1.67e-01  1.94e-01  2.30e-01  2.74e-01  3.23e-01
Si X        256.38  1  9  6.15   6.36e-01  6.49e-01  6.68e-01  6.92e-01  7.22e-01  7.55e-01
Si X        261.06  2  9  6.15   5.20e-01  5.31e-01  5.46e-01  5.66e-01  5.90e-01  6.17e-01
Si X        271.99  1  8  6.15   4.27e-01  4.37e-01  4.52e-01  4.72e-01  4.96e-01  5.22e-01
Si X        277.26  2  8  6.15   3.27e-01  3.35e-01  3.47e-01  3.62e-01  3.80e-01  4.01e-01
Si X        356.04  2  7  6.15   2.22e-01  2.92e-01  3.90e-01  5.20e-01  6.78e-01  8.54e-01
Si X        356.05  2  6  6.15   1.36e-01  1.36e-01  1.36e-01  1.36e-01  1.36e-01  1.36e-01
Si VII      275.36  1  6  5.80   1.00e+00  1.00e+00  1.00e+00  1.00e+00  1.00e+00  1.00e+00
Si VII      217.83  4  9  5.80   4.83e-02  5.46e-02  6.40e-02  7.82e-02  9.93e-02  1.30e-01
Si VII      272.65  1  7  5.80   2.60e-01  2.71e-01  2.82e-01  2.92e-01  3.00e-01  3.07e-01
Si VII      274.18  2  8  5.80   8.39e-02  1.09e-01  1.36e-01  1.63e-01  1.86e-01  2.06e-01
Si VII      275.67  2  7  5.80   1.49e-01  1.55e-01  1.61e-01  1.67e-01  1.72e-01  1.75e-01
Si VII      276.85  3  7  5.80   1.95e-01  2.03e-01  2.11e-01  2.18e-01  2.24e-01  2.30e-01
Si VII      278.45  2  6  5.80   3.19e-01  3.19e-01  3.19e-01  3.19e-01  3.19e-01  3.19e-01
Si IX       227.00  3 14  6.05   1.00e+00  1.00e+00  1.00e+00  1.00e+00  1.00e+00  1.00e+00
Si IX       223.74  1 14  6.05   1.98e-01  1.98e-01  1.98e-01  1.98e-01  1.98e-01  1.98e-01
Si IX       225.02  2 14  6.05   5.91e-01  5.91e-01  5.91e-01  5.91e-01  5.91e-01  5.91e-01
Si IX       258.08  4 13  6.05   9.69e-02  1.02e-01  1.09e-01  1.21e-01  1.40e-01  1.68e-01
Si IX       290.69  1 11  6.05   3.06e-01  2.77e-01  2.56e-01  2.42e-01  2.34e-01  2.28e-01
Si IX       292.76  2 12  6.05   1.62e-01  1.83e-01  1.99e-01  2.12e-01  2.21e-01  2.28e-01
Si IX       292.80  2 10  6.05   3.16e-01  3.14e-01  3.01e-01  2.86e-01  2.72e-01  2.61e-01
Si IX       292.86  2 11  6.05   2.91e-01  2.63e-01  2.44e-01  2.31e-01  2.22e-01  2.17e-01
Si IX       296.12  3 12  6.05   6.18e-01  6.96e-01  7.60e-01  8.08e-01  8.44e-01  8.68e-01
Si IX       296.21  3 11  6.05   3.54e-01  3.21e-01  2.97e-01  2.81e-01  2.71e-01  2.65e-01
Si IX       341.95  1  8  6.05   5.65e-01  4.72e-01  4.05e-01  3.58e-01  3.27e-01  3.07e-01
Si IX       344.95  2  8  6.05   3.28e-01  2.74e-01  2.35e-01  2.08e-01  1.90e-01  1.78e-01
Si IX       345.12  2  7  6.05   7.52e-01  7.56e-01  7.40e-01  7.16e-01  6.92e-01  6.73e-01
Si IX       349.80  3  7  6.05   1.51e-01  1.52e-01  1.49e-01  1.44e-01  1.39e-01  1.35e-01
Si IX       349.87  3  9  6.05   5.29e-01  6.42e-01  7.43e-01  8.28e-01  8.92e-01  9.39e-01
