%Ion    Wavelength    Intensity    P_min    I_min    a   	 b    Ratio    lvl1    lvl2
H I         972.54  4.30e+01  4.00e+01  6.23e+00  1.72e-02  3.25e-01  1.65e-01  1  8
H I         949.74  1.13e+01  4.00e+01  3.82e+00  1.94e-02  3.17e-01  3.00e-01  1 12
H I         937.80  5.61e+00  4.00e+01  2.09e+00  1.57e-02  3.09e-01  3.73e-01  1 16
H I         930.75  3.21e+00  4.00e+01  1.24e+00  1.34e-02  3.26e-01  4.00e-01  1 20
H I         926.23  2.02e+00  4.00e+01  9.08e-01  2.81e-02  3.48e-01  5.15e-01  1 24
H I         923.15  1.35e+00  4.00e+01  1.33e+00  3.79e-02  3.11e-01  6.05e-01  1 28
H I         920.96  9.50e-01  4.00e+01  8.48e-01  5.76e-02  3.25e-01  8.93e-01  1 32
H I         919.35  6.94e-01  4.00e+01  5.77e-01  2.65e-02  3.54e-01  1.11e+00  1 36
H I         918.13  5.23e-01  4.00e+01  7.25e-01  3.12e-02  3.30e-01  1.39e+00  1 40
H I         917.18  4.04e-01  4.00e+01  8.82e-01  1.47e-01  2.90e-01  2.68e+00  1 44
H I         916.43  3.18e-01  4.00e+01  7.51e-01  4.92e-02  4.24e-01  1.36e+00  1 48
H I         915.82  2.56e-01  4.00e+01  1.96e+00  7.34e-02  2.64e-01  5.66e+00  1 52
Fe X        226.84  7.46e-02  4.30e+01  8.91e-01  5.63e-02  4.76e-01  0.80e+00  1 18
Fe X        257.26  8.44e-01  4.30e+01  2.12e+00  1.10e-01  5.43e-01  1.51e-03  1  5
Al X        332.79  3.32e-01  4.00e+01  5.00e-02  3.70e+00 -1.03e+00  1.80e+00  1  5
C II        903.96  4.89e-01  4.00e+01  2.81e+00  1.61e-01  1.51e-01  2.50e+00  1  9
C II       1036.34  1.29e+00  4.00e+01  4.13e+00  1.19e-01  3.09e-01  3.21e+00  1  8
C II       1010.37  1.00e-01  4.00e+01  3.28e+01  4.86e-02  3.51e-01  3.28e+00  5 14
S VI        933.38  3.76e-01  4.00e+01  5.00e-02  7.71e+00  4.49e-01  1.83e+00  1  3
S VI        944.52  1.89e-01  4.00e+01  1.01e+00  2.05e-01  4.49e-01  2.34e+00  1  2
N III       989.80  1.15e+00  4.00e+01  3.26e+00  3.66e-02  2.16e-01  1.63e+00  1  6
N III       989.80  1.15e+00  4.00e+01  3.26e+00  3.66e-02  2.16e-01  1.63e+00  2  7
O III       835.09  6.70e-01  4.00e+01  3.58e+00  1.29e-01  4.74e-02  5.34e-03  3  8
O II        718.51  4.59e-01  4.00e+01  4.64e-01  7.37e-02  6.54e-03  0.95e+00  3 10
N IV        765.15  3.41e+00  4.00e+01  2.33e+00  1.65e-01 -5.10e-03  8.94e-01  1  5
Na IX       681.72  1.86e-01  4.00e+01  2.01e-01  1.92e-01  3.60e-01  1.00e+00  1  3
O II        644.15  5.17e-02  4.00e+01  5.08e-02  2.92e-01  7.58e-03  1.50e+00  5 16
Ne VI       562.80  6.54e-01  4.00e+01  3.03e-01  5.25e-01  3.56e-02  6.63e-01  2  7
Ne VI       558.60  6.54e-01  4.00e+01  3.03e-01  5.25e-01  3.56e-02  8.63e-01  1  6
He I        537.03  3.50e-01  4.00e+01  8.87e-01  1.59e-01  2.84e-01  3.60e+00  1 11
He I        522.21  1.23e-01  4.00e+01  2.95e-01  1.98e-01  5.03e-01  4.30e+00  1 19
He I        515.62  3.08e-02  4.00e+01  1.50e-01  1.24e-01  3.88e-01  5.87e+00  1 29
He I        512.10  2.09e-02  4.00e+01  1.00e-01  1.94e-01  3.51e-01  8.99e+00  1 41
He I        510.00  1.26e-02  4.00e+01  1.00e-01  1.94e-01  3.51e-01  1.00e+01  1 55
He I        508.64  8.16e-03  4.00e+01  1.00e-01  1.94e-01  3.51e-01  1.22e+01  1 71
He I        507.72  5.58e-03  4.00e+01  1.00e-01  1.94e-01  3.51e-01  5.79e+01  1 89
He II       256.32  2.68e-01  4.30e+01  2.54e+00  2.42e-01  5.41e-01  1.08e+00  1  7
He II       243.03  2.81e-02  4.00e+01  5.00e-02  3.70e+00  2.30e-01  1.78e-01  1 11
Si X        258.37  7.27e-01  4.30e+01  7.40e-01  5.75e-01  6.61e-01  1.02e+00  2 10
O III       703.85  5.59e-01  4.00e+01  1.26e+00  3.95e-01  7.04e-02  0.85e+00  3 11
O III       703.85  1.72e+00  4.00e+01  1.26e+00  3.95e-01  7.04e-02  6.34e-01  3 12
O III       702.84  4.51e-01  4.00e+01  6.53e-01  9.02e-01  7.04e-02  1.05e+00  2 10
O III       702.34  4.49e-01  4.00e+01  8.49e-02  3.00e+00  2.82e-01  1.79e-01  1 11
N III       685.52  2.88e-01  4.00e+01  1.13e+00  4.28e-02  4.79e-03  5.00e-01  1  9
Mg IX       706.06  5.59e-01  4.00e+01  3.19e-01  9.10e-02  2.59e-01  5.00e-01  1  3
Si XI       303.33  1.21e+00  4.30e+01  6.31e+01  4.87e-02  2.30e-01  5.43e+00  1  5
He II       303.78  3.26e+00  4.30e+01  6.31e+01  4.87e-02  2.30e-01  1.23e+01  1  4
Fe XIV      334.18  1.35e-01  4.00e+01  5.00e-02 -7.88e-01  1.81e+01  3.69e-01  1  6
Fe XVI      335.41  9.90e-02  4.00e+01  4.41e-01 -6.98e-01  1.64e+01  4.45e+00  1  3
Fe XIII     359.64  1.15e-01  4.00e+01  3.69e-01  4.59e-01  1.40e+00  1.21e+00  2  8
