%Ion    Wavelength    Intensity    P_min    I_min    a    b    Ratio
He I        584.33  6.90e+00  4.00e+01  1.03e+01  1.66e-01  2.60e-01  1.69e+00
He II       303.79  4.89e+00  4.30e+01  6.31e+01  4.87e-02  2.30e-01  1.50e+01
Fe VIII     168.93  1.79e-01  4.30e+01  3.00e-04  1.26e-01  3.31e-01  5.97e-01
Fe IX       171.07  7.41e+00  4.30e+01  3.46e+00  1.09e-01  1.74e-01  7.00e-01
Fe X        174.53  4.14e+00  4.60e+01  2.73e+00  1.33e-01  3.07e-01  0.95e+00
Fe XI       180.40  3.39e+00  4.60e+01  3.13e+00  1.48e-01  4.55e-01  0.90e+00
Fe XII      195.12  1.40e+00  4.60e+01  2.16e+00  2.14e-01  8.11e-01  1.70e+00
Fe XIII     202.04  5.35e-01  4.60e+01  1.46e+00  3.52e-01  1.08e+00  2.77e+00
Fe XIV      211.32  2.16e-01  4.60e+01  5.98e-01  5.73e-01  3.70e+00  2.95e+00
Fe XV       284.16  3.43e-01  4.60e+01  1.57e+00  4.87e-01  5.33e+00  4.20e+00
Fe XVI      360.76  5.05e-02  4.00e+01  2.34e-01 -2.05e-01  1.78e+01  5.50e+00
H I        1025.72  1.72e+02  4.00e+01  3.28e+01  4.86e-02  3.51e-01  1.26e-01
C II        858.56  2.25e+00  4.60e+01  5.00e-02  4.76e+00  3.10e+00  3.52e-02
C III       977.02  3.22e+01  4.00e+01  5.47e+01  1.29e-01  1.47e-01  1.82e+00
C IV        419.71  3.75e-02  4.00e+01  1.25e-01  4.46e-02  2.86e-01  3.34e+00
O II        833.33  5.62e+00  4.00e+01  3.81e+00  9.93e-03  1.07e-01  3.03e-01
O III       832.93  3.79e+00  4.00e+01  3.81e+00  9.93e-03  1.07e-01  9.02e-01
O IV        790.20  6.08e+00  4.00e+01  4.64e+00  8.07e-02  4.08e-02  7.64e-01
O V         629.73  1.32e+01  4.00e+01  1.44e+01  1.16e-01  3.45e-02  1.09e+00
O VI       1031.91  1.21e+01  4.00e+01  2.33e+01  9.14e-02  2.66e-01  2.05e+00
Si VII      275.36  3.89e-01  4.30e+01  2.40e-01 -1.29e-01  1.11e+00  6.16e-01
Si VIII     319.83  1.55e+00  4.30e+01  8.06e-01  2.54e-01  3.08e-02  7.20e-01
Si IX       341.95  3.83e-01  4.00e+01  7.19e-01  8.84e-02  2.92e-01  1.10e+00
Si X        347.40  8.22e-01  4.00e+01  1.31e+00  2.25e-01  8.75e-01  1.59e+00
Si XI       580.88  9.79e-02  4.00e+01  1.62e-01  5.62e-01  2.18e+00  1.66e+00
Si XII      499.41  2.34e-01  4.00e+01  4.86e-01  1.32e+00  6.80e+00  2.10e+00
S IV        750.22  2.58e-01  4.00e+01  4.12e-01  2.83e-02  1.30e-01  1.10e+00
S V         786.47  1.56e+00  4.00e+01  1.17e+00  3.07e-02  7.85e-02  7.48e-01
S VI        933.38  3.76e-01  4.60e+01  5.00e-02  4.76e+00  3.10e+00  1.33e-01
S IX        224.73  4.58e-01  4.30e+01  9.22e-01  1.07e-01  1.53e-01  0.85e+00
S X         264.23  2.98e-01  4.30e+01  3.75e-01  5.33e-01  4.49e-01  1.26e+00
S XI        281.40  5.36e-02  4.30e+01  4.80e-02 -2.50e-01  6.01e+00  8.95e-01
S XII       288.43  2.45e-02  4.30e+01  2.03e-02  4.22e-01  2.48e+01  8.28e-01
S XIV       417.66  6.30e-03  4.30e+01  3.56e-01  8.89e-02  7.20e-01  5.65e+00
Mg VI       403.31  1.35e-01  4.00e+01  1.66e-01  1.05e-01  3.59e-01  1.23e+00
Mg VII      429.14  9.86e-02  4.00e+01  8.52e-02  1.30e-01  4.33e-01  8.64e-01
Mg VIII     436.73  1.18e+00  4.00e+01  9.55e-01  9.08e-02  1.85e-01  8.07e-01
Mg IX       368.07  6.95e+00  4.00e+01  6.16e+00  5.62e-02  3.61e-01  8.87e-01
Mg X        624.94  1.92e+00  4.00e+01  1.78e+00  1.82e-01  8.97e-01  9.26e-01
Al IX       282.42  6.21e-02  4.30e+01  1.24e-02 -1.06e+00  1.23e+01  2.00e-01
Al X        332.79  3.32e-01  4.00e+01  5.00e-02  3.70e+00 -1.03e+00  9.50e-01
Al XI       550.03  9.25e-02  4.00e+01  8.49e-02  6.63e-01  3.54e+00  1.00e+00
Ne III      489.49  1.31e-01  4.00e+01  1.18e-01  3.96e-01 -3.09e-02  9.03e-01
Ne IV       543.89  2.82e-01  4.00e+01  1.05e-01  1.01e+01  1.22e+00  3.73e-01
Ne V        416.21  2.55e-01  4.00e+01  1.01e-01  1.79e-01  2.36e-01  0.70e+00
Ne VII      465.22  3.77e+00  4.60e+01  2.23e+00  1.77e-01  9.69e-03  8.00e-01
Ne VIII     770.43  7.59e+00  4.60e+01  2.45e+00  1.28e-01  2.25e-03  5.50e-01
Ca VII      354.42  6.12e-03  4.00e+01  3.43e-01  4.30e-02  1.79e+00  5.61e+00 
Ca IX       503.27  2.79e-03  4.60e+01  1.12e-01  2.14e-01  4.30e-01  2.01e+00
Ca X        557.77  4.42e-01  4.60e+01  3.21e-01  8.76e-02  7.71e-01  7.26e-01
Ar VII      585.75  1.30e-01  4.60e+01  2.39e-01  6.09e-02  4.25e-02  4.00e+00
Ar VIII     700.24  1.84e-01  4.00e+01  5.00e-02  6.66e-01 -2.65e-01  5.72e-01
N III       685.52  2.88e-01  4.00e+01  1.13e+00  4.28e-02  4.79e-03  1.00e+00
N IV        765.15  3.41e+00  4.60e+01  2.45e+00  1.28e-01  2.25e-03  7.19e-01
Ni XI       148.38  5.29e-01  4.30e+01  3.81e-01  1.55e-01  7.06e-01  7.21e-01
Ni XII      152.15  1.45e-03  4.30e+01  2.93e-05  4.99e-01  8.98e-01  2.50e+00
Ni XIII     164.15  1.38e-02  4.30e+01  2.93e-05  2.86e+00  5.23e+00  1.50e+00 
